# Created by Octave 5.2.0, Tue May 19 20:43:38 2026 GMT <unknown@Tower-PC>
# name: TouchDetails
# type: scalar struct
# ndims: 2
 1 1
# length: 20
# name: piSourcefilename
# type: sq_string
# elements: 1
# length: 77
C:\Users\St Woolos\HawkEarFiles\Recordings\stw\stw.20260519-2043.s10t12.9.wav


# name: piRingingdatetime
# type: sq_string
# elements: 1
# length: 13
20260519-2043


# name: piTower
# type: sq_string
# elements: 1
# length: 39
Newport, Cathedral Church of St. Woolos


# name: piRingingname
# type: sq_string
# elements: 1
# length: 11
Touch 9 (2)


# name: piStdev
# type: scalar
48.828787192814175


# name: piStdevpercentStr
# type: sq_string
# elements: 1
# length: 4
22.9


# name: piStdevPct
# type: scalar
22.949252852359542


# name: piTouchlength
# type: scalar
200


# name: piPiecelength
# type: scalar
216


# name: piTouchDuration
# type: sq_string
# elements: 1
# length: 14
7 mins 29 secs


# name: piPieceDuration
# type: sq_string
# elements: 1
# length: 13
8 mins 6 secs


# name: piMethod
# type: sq_string
# elements: 1
# length: 24
Yorkshire Surprise Royal


# name: piPealSpeed
# type: scalar struct
# ndims: 2
 1 1
# length: 2
# name: string
# type: sq_string
# elements: 1
# length: 12
3 hrs 9 mins


# name: numeric
# type: scalar
11319149.146201564




# name: piNBells
# type: scalar
10


# name: piRowsBadInPiece
# type: scalar
40


# name: piTouchFaults
# type: scalar struct
# ndims: 2
 1 1
# length: 2
# name: count
# type: scalar struct
# ndims: 2
 1 1
# length: 3
# name: hand
# type: scalar
256


# name: back
# type: scalar
218


# name: all
# type: scalar
474




# name: mean
# type: scalar struct
# ndims: 2
 1 1
# length: 3
# name: hand
# type: scalar
38.619898616554806


# name: back
# type: scalar
35.571794030785867


# name: all
# type: scalar
36.993684319991544






# name: piExpstring
# type: sq_string
# elements: 0


# name: piRungon
# type: sq_string
# elements: 1
# length: 12
the back ten


# name: piTenor
# type: sq_string
# elements: 1
# length: 2
12


# name: piNumBellsRinging
# type: sq_string
# elements: 1
# length: 2
10




