# Created by Octave 5.2.0, Tue Jun 02 20:38:52 2026 GMT <unknown@Tower-PC>
# name: TouchDetails
# type: scalar struct
# ndims: 2
 1 1
# length: 20
# name: piSourcefilename
# type: sq_string
# elements: 1
# length: 77
C:\Users\St Woolos\HawkEarFiles\Recordings\stw\stw.20260602-2038.s10t12.4.wav


# name: piRingingdatetime
# type: sq_string
# elements: 1
# length: 13
20260602-2038


# name: piTower
# type: sq_string
# elements: 1
# length: 39
Newport, Cathedral Church of St. Woolos


# name: piRingingname
# type: sq_string
# elements: 1
# length: 7
Touch 4


# name: piStdev
# type: scalar
56.413627754840192


# name: piStdevpercentStr
# type: sq_string
# elements: 1
# length: 4
25.6


# name: piStdevPct
# type: scalar
25.611257662419931


# name: piTouchlength
# type: scalar
158


# name: piPiecelength
# type: scalar
192


# name: piTouchDuration
# type: sq_string
# elements: 1
# length: 13
6 mins 7 secs


# name: piPieceDuration
# type: sq_string
# elements: 1
# length: 14
7 mins 29 secs


# name: piMethod
# type: sq_string
# elements: 1
# length: 24
Yorkshire Surprise Royal


# name: piPealSpeed
# type: scalar struct
# ndims: 2
 1 1
# length: 2
# name: string
# type: sq_string
# elements: 1
# length: 13
3 hrs 15 mins


# name: numeric
# type: scalar
11698598.482750308




# name: piNBells
# type: scalar
10


# name: piRowsBadInPiece
# type: scalar
52


# name: piTouchFaults
# type: scalar struct
# ndims: 2
 1 1
# length: 2
# name: count
# type: scalar struct
# ndims: 2
 1 1
# length: 3
# name: hand
# type: scalar
236


# name: back
# type: scalar
209


# name: all
# type: scalar
445




# name: mean
# type: scalar struct
# ndims: 2
 1 1
# length: 3
# name: hand
# type: scalar
40.432250827234832


# name: back
# type: scalar
37.724727309257709


# name: all
# type: scalar
42.726814690490002






# name: piExpstring
# type: sq_string
# elements: 0


# name: piRungon
# type: sq_string
# elements: 1
# length: 12
the back ten


# name: piTenor
# type: sq_string
# elements: 1
# length: 2
12


# name: piNumBellsRinging
# type: sq_string
# elements: 1
# length: 2
10




