# Created by Octave 5.2.0, Tue May 12 20:41:58 2026 GMT <unknown@Tower-PC>
# name: TouchDetails
# type: scalar struct
# ndims: 2
 1 1
# length: 20
# name: piSourcefilename
# type: sq_string
# elements: 1
# length: 76
C:\Users\St Woolos\HawkEarFiles\Recordings\stw\stw.20260512-2041.s8t12.7.wav


# name: piRingingdatetime
# type: sq_string
# elements: 1
# length: 13
20260512-2041


# name: piTower
# type: sq_string
# elements: 1
# length: 39
Newport, Cathedral Church of St. Woolos


# name: piRingingname
# type: sq_string
# elements: 1
# length: 7
Touch 7


# name: piStdev
# type: scalar
49.898004051967646


# name: piStdevpercentStr
# type: sq_string
# elements: 1
# length: 4
18.2


# name: piStdevPct
# type: scalar
18.242097272621319


# name: piTouchlength
# type: scalar
160


# name: piPiecelength
# type: scalar
194


# name: piTouchDuration
# type: sq_string
# elements: 1
# length: 14
6 mins 11 secs


# name: piPieceDuration
# type: sq_string
# elements: 1
# length: 14
7 mins 31 secs


# name: piMethod
# type: sq_string
# elements: 1
# length: 15
Plain Bob Major


# name: piPealSpeed
# type: scalar struct
# ndims: 2
 1 1
# length: 2
# name: string
# type: sq_string
# elements: 1
# length: 13
3 hrs 15 mins


# name: numeric
# type: scalar
11671528.003675843




# name: piNBells
# type: scalar
8


# name: piRowsBadInPiece
# type: scalar
29


# name: piTouchFaults
# type: scalar struct
# ndims: 2
 1 1
# length: 2
# name: count
# type: scalar struct
# ndims: 2
 1 1
# length: 3
# name: hand
# type: scalar
96


# name: back
# type: scalar
76


# name: all
# type: scalar
172




# name: mean
# type: scalar struct
# ndims: 2
 1 1
# length: 3
# name: hand
# type: scalar
37.734492330142032


# name: back
# type: scalar
32.677639615475393


# name: all
# type: scalar
37.724028266982103






# name: piExpstring
# type: sq_string
# elements: 0


# name: piRungon
# type: sq_string
# elements: 1
# length: 14
the back eight


# name: piTenor
# type: sq_string
# elements: 1
# length: 2
12


# name: piNumBellsRinging
# type: sq_string
# elements: 1
# length: 1
8




