# Created by Octave 5.2.0, Tue May 05 20:14:31 2026 GMT <unknown@Tower-PC>
# name: TouchDetails
# type: scalar struct
# ndims: 2
 1 1
# length: 20
# name: piSourcefilename
# type: sq_string
# elements: 1
# length: 75
C:\Users\St Woolos\HawkEarFiles\Recordings\stw\stw.20260505-2014.s6t9.7.wav


# name: piRingingdatetime
# type: sq_string
# elements: 1
# length: 13
20260505-2014


# name: piTower
# type: sq_string
# elements: 1
# length: 39
Newport, Cathedral Church of St. Woolos


# name: piRingingname
# type: sq_string
# elements: 1
# length: 7
Touch 7


# name: piStdev
# type: scalar
24.899692559739325


# name: piStdevpercentStr
# type: sq_string
# elements: 1
# length: 4
 8.1


# name: piStdevPct
# type: scalar
8.0564914963102527


# name: piTouchlength
# type: scalar
120


# name: piPiecelength
# type: scalar
140


# name: piTouchDuration
# type: sq_string
# elements: 1
# length: 14
3 mins 58 secs


# name: piPieceDuration
# type: sq_string
# elements: 1
# length: 14
4 mins 38 secs


# name: piMethod
# type: sq_string
# elements: 1
# length: 17
Grandsire Doubles


# name: piPealSpeed
# type: scalar struct
# ndims: 2
 1 1
# length: 2
# name: string
# type: sq_string
# elements: 1
# length: 13
2 hrs 47 mins


# name: numeric
# type: scalar
10008621.91024565




# name: piNBells
# type: scalar
6


# name: piRowsBadInPiece
# type: scalar
2


# name: piTouchFaults
# type: scalar struct
# ndims: 2
 1 1
# length: 2
# name: count
# type: scalar struct
# ndims: 2
 1 1
# length: 3
# name: hand
# type: scalar
4


# name: back
# type: scalar
0


# name: all
# type: scalar
4




# name: mean
# type: scalar struct
# ndims: 2
 1 1
# length: 3
# name: hand
# type: scalar
22.650561956840903


# name: back
# type: scalar
16.451802406356581


# name: all
# type: scalar
19.234565579135996






# name: piExpstring
# type: sq_string
# elements: 0


# name: piRungon
# type: sq_string
# elements: 1
# length: 14
the middle six


# name: piTenor
# type: sq_string
# elements: 1
# length: 1
9


# name: piNumBellsRinging
# type: sq_string
# elements: 1
# length: 1
6




