# Created by Octave 5.2.0, Sun Jun 29 16:00:37 2025 GMT <unknown@Gareth-PC>
# name: TouchDetails
# type: scalar struct
# ndims: 2
 1 1
# length: 20
# name: piSourcefilename
# type: sq_string
# elements: 1
# length: 72
C:\Users\Gareth\HawkEarFiles\Recordings\Stw\Stw.20250629-1600.s6t8.3.wav


# name: piRingingdatetime
# type: sq_string
# elements: 1
# length: 13
20250629-1600


# name: piTower
# type: sq_string
# elements: 1
# length: 18
St Woolos, Newport


# name: piRingingname
# type: sq_string
# elements: 1
# length: 7
Touch 3


# name: piStdev
# type: scalar
23.623428497058637


# name: piStdevpercentStr
# type: sq_string
# elements: 1
# length: 4
 8.0


# name: piStdevPct
# type: scalar
7.998205343669059


# name: piTouchlength
# type: scalar
300


# name: piPiecelength
# type: scalar
340


# name: piTouchDuration
# type: sq_string
# elements: 1
# length: 14
9 mins 31 secs


# name: piPieceDuration
# type: sq_string
# elements: 1
# length: 15
10 mins 46 secs


# name: piMethod
# type: sq_string
# elements: 1
# length: 17
Grandsire Doubles


# name: piPealSpeed
# type: scalar struct
# ndims: 2
 1 1
# length: 2
# name: string
# type: sq_string
# elements: 1
# length: 13
2 hrs 40 mins


# name: numeric
# type: scalar
9586332.9055366311




# name: piNBells
# type: scalar
6


# name: piRowsBadInPiece
# type: scalar
2


# name: piTouchFaults
# type: scalar struct
# ndims: 2
 1 1
# length: 2
# name: count
# type: scalar struct
# ndims: 2
 1 1
# length: 3
# name: hand
# type: scalar
1


# name: back
# type: scalar
1


# name: all
# type: scalar
2




# name: mean
# type: scalar struct
# ndims: 2
 1 1
# length: 3
# name: hand
# type: scalar
20.036493546427049


# name: back
# type: scalar
17.047648903335904


# name: all
# type: scalar
18.507565895435821






# name: piExpstring
# type: sq_string
# elements: 0


# name: piRungon
# type: sq_string
# elements: 1
# length: 14
the middle six


# name: piTenor
# type: sq_string
# elements: 1
# length: 1
8


# name: piNumBellsRinging
# type: sq_string
# elements: 1
# length: 1
6




