# Created by Octave 5.2.0, Sun Jun 29 15:40:38 2025 GMT <unknown@Gareth-PC>
# name: TouchDetails
# type: scalar struct
# ndims: 2
 1 1
# length: 20
# name: piSourcefilename
# type: sq_string
# elements: 1
# length: 72
C:\Users\Gareth\HawkEarFiles\Recordings\Stw\Stw.20250629-1540.s6t8.2.wav


# name: piRingingdatetime
# type: sq_string
# elements: 1
# length: 13
20250629-1540


# name: piTower
# type: sq_string
# elements: 1
# length: 18
St Woolos, Newport


# name: piRingingname
# type: sq_string
# elements: 1
# length: 7
Touch 2


# name: piStdev
# type: scalar
25.410639509404913


# name: piStdevpercentStr
# type: sq_string
# elements: 1
# length: 4
 8.3


# name: piStdevPct
# type: scalar
8.3442568649061908


# name: piTouchlength
# type: scalar
240


# name: piPiecelength
# type: scalar
280


# name: piTouchDuration
# type: sq_string
# elements: 1
# length: 14
7 mins 50 secs


# name: piPieceDuration
# type: sq_string
# elements: 1
# length: 13
9 mins 8 secs


# name: piMethod
# type: sq_string
# elements: 1
# length: 17
Grandsire Doubles


# name: piPealSpeed
# type: scalar struct
# ndims: 2
 1 1
# length: 2
# name: string
# type: sq_string
# elements: 1
# length: 13
2 hrs 45 mins


# name: numeric
# type: scalar
9877477.9499162361




# name: piNBells
# type: scalar
6


# name: piRowsBadInPiece
# type: scalar
2


# name: piTouchFaults
# type: scalar struct
# ndims: 2
 1 1
# length: 2
# name: count
# type: scalar struct
# ndims: 2
 1 1
# length: 3
# name: hand
# type: scalar
5


# name: back
# type: scalar
0


# name: all
# type: scalar
5




# name: mean
# type: scalar struct
# ndims: 2
 1 1
# length: 3
# name: hand
# type: scalar
21.782065565560487


# name: back
# type: scalar
18.538667671904534


# name: all
# type: scalar
19.943568923497779






# name: piExpstring
# type: sq_string
# elements: 0


# name: piRungon
# type: sq_string
# elements: 1
# length: 14
the middle six


# name: piTenor
# type: sq_string
# elements: 1
# length: 1
8


# name: piNumBellsRinging
# type: sq_string
# elements: 1
# length: 1
6




