# Created by Octave 5.2.0, Tue May 05 20:37:05 2026 GMT <unknown@Tower-PC>
# name: TouchDetails
# type: scalar struct
# ndims: 2
 1 1
# length: 20
# name: piSourcefilename
# type: sq_string
# elements: 1
# length: 75
C:\Users\St Woolos\HawkEarFiles\Recordings\stw\stw.20260505-2036.s8t9.9.wav


# name: piRingingdatetime
# type: sq_string
# elements: 1
# length: 13
20260505-2036


# name: piTower
# type: sq_string
# elements: 1
# length: 39
Newport, Cathedral Church of St. Woolos


# name: piRingingname
# type: sq_string
# elements: 1
# length: 7
Touch 9


# name: piStdev
# type: scalar
31.515105878146439


# name: piStdevpercentStr
# type: sq_string
# elements: 1
# length: 4
12.9


# name: piStdevPct
# type: scalar
12.860948189317863


# name: piTouchlength
# type: scalar
258


# name: piPiecelength
# type: scalar
288


# name: piTouchDuration
# type: sq_string
# elements: 1
# length: 14
8 mins 55 secs


# name: piPieceDuration
# type: sq_string
# elements: 1
# length: 14
9 mins 59 secs


# name: piMethod
# type: sq_string
# elements: 1
# length: 22
Bristol Surprise Major


# name: piPealSpeed
# type: scalar struct
# ndims: 2
 1 1
# length: 2
# name: string
# type: sq_string
# elements: 1
# length: 13
2 hrs 54 mins


# name: numeric
# type: scalar
10458770.240013391




# name: piNBells
# type: scalar
8


# name: piRowsBadInPiece
# type: scalar
8


# name: piTouchFaults
# type: scalar struct
# ndims: 2
 1 1
# length: 2
# name: count
# type: scalar struct
# ndims: 2
 1 1
# length: 3
# name: hand
# type: scalar
45


# name: back
# type: scalar
54


# name: all
# type: scalar
99




# name: mean
# type: scalar struct
# ndims: 2
 1 1
# length: 3
# name: hand
# type: scalar
23.588233841407945


# name: back
# type: scalar
23.812330715980611


# name: all
# type: scalar
23.929185928857041






# name: piExpstring
# type: sq_string
# elements: 0


# name: piRungon
# type: sq_string
# elements: 1
# length: 16
the middle eight


# name: piTenor
# type: sq_string
# elements: 1
# length: 1
9


# name: piNumBellsRinging
# type: sq_string
# elements: 1
# length: 1
8




