# Created by Octave 5.2.0, Sun Jun 29 15:15:51 2025 GMT <unknown@Gareth-PC>
# name: TouchDetails
# type: scalar struct
# ndims: 2
 1 1
# length: 20
# name: piSourcefilename
# type: sq_string
# elements: 1
# length: 72
C:\Users\Gareth\HawkEarFiles\Recordings\Stw\Stw.20250629-1515.s6t8.1.wav


# name: piRingingdatetime
# type: sq_string
# elements: 1
# length: 13
20250629-1515


# name: piTower
# type: sq_string
# elements: 1
# length: 18
St Woolos, Newport


# name: piRingingname
# type: sq_string
# elements: 1
# length: 7
Touch 1


# name: piStdev
# type: scalar
29.225356242775117


# name: piStdevpercentStr
# type: sq_string
# elements: 1
# length: 4
 9.4


# name: piStdevPct
# type: scalar
9.4220779940990909


# name: piTouchlength
# type: scalar
240


# name: piPiecelength
# type: scalar
280


# name: piTouchDuration
# type: sq_string
# elements: 1
# length: 13
8 mins 1 secs


# name: piPieceDuration
# type: sq_string
# elements: 1
# length: 14
9 mins 21 secs


# name: piMethod
# type: sq_string
# elements: 1
# length: 17
Grandsire Doubles


# name: piPealSpeed
# type: scalar struct
# ndims: 2
 1 1
# length: 2
# name: string
# type: sq_string
# elements: 1
# length: 13
2 hrs 48 mins


# name: numeric
# type: scalar
10095603.885993097




# name: piNBells
# type: scalar
6


# name: piRowsBadInPiece
# type: scalar
4


# name: piTouchFaults
# type: scalar struct
# ndims: 2
 1 1
# length: 2
# name: count
# type: scalar struct
# ndims: 2
 1 1
# length: 3
# name: hand
# type: scalar
8


# name: back
# type: scalar
6


# name: all
# type: scalar
14




# name: mean
# type: scalar struct
# ndims: 2
 1 1
# length: 3
# name: hand
# type: scalar
24.015249348319092


# name: back
# type: scalar
19.889145420291285


# name: all
# type: scalar
21.623434732617348






# name: piExpstring
# type: sq_string
# elements: 0


# name: piRungon
# type: sq_string
# elements: 1
# length: 14
the middle six


# name: piTenor
# type: sq_string
# elements: 1
# length: 1
8


# name: piNumBellsRinging
# type: sq_string
# elements: 1
# length: 1
6




