# Created by Octave 5.2.0, Tue May 12 20:58:56 2026 GMT <unknown@Tower-PC>
# name: TouchDetails
# type: scalar struct
# ndims: 2
 1 1
# length: 20
# name: piSourcefilename
# type: sq_string
# elements: 1
# length: 75
C:\Users\St Woolos\HawkEarFiles\Recordings\stw\stw.20260512-2058.s8t9.9.wav


# name: piRingingdatetime
# type: sq_string
# elements: 1
# length: 13
20260512-2058


# name: piTower
# type: sq_string
# elements: 1
# length: 39
Newport, Cathedral Church of St. Woolos


# name: piRingingname
# type: sq_string
# elements: 1
# length: 7
Touch 9


# name: piStdev
# type: scalar
31.650828186380839


# name: piStdevpercentStr
# type: sq_string
# elements: 1
# length: 4
12.5


# name: piStdevPct
# type: scalar
12.515800910237877


# name: piTouchlength
# type: scalar
226


# name: piPiecelength
# type: scalar
244


# name: piTouchDuration
# type: sq_string
# elements: 1
# length: 13
8 mins 5 secs


# name: piPieceDuration
# type: sq_string
# elements: 1
# length: 14
8 mins 44 secs


# name: piMethod
# type: sq_string
# elements: 1
# length: 22
Bristol Surprise Major


# name: piPealSpeed
# type: scalar struct
# ndims: 2
 1 1
# length: 2
# name: string
# type: sq_string
# elements: 1
# length: 12
3 hrs 0 mins


# name: numeric
# type: scalar
10807169.893133845




# name: piNBells
# type: scalar
8


# name: piRowsBadInPiece
# type: scalar
2


# name: piTouchFaults
# type: scalar struct
# ndims: 2
 1 1
# length: 2
# name: count
# type: scalar struct
# ndims: 2
 1 1
# length: 3
# name: hand
# type: scalar
42


# name: back
# type: scalar
28


# name: all
# type: scalar
70




# name: mean
# type: scalar struct
# ndims: 2
 1 1
# length: 3
# name: hand
# type: scalar
26.105511831733015


# name: back
# type: scalar
23.911976236745129


# name: all
# type: scalar
25.059627622782891






# name: piExpstring
# type: sq_string
# elements: 0


# name: piRungon
# type: sq_string
# elements: 1
# length: 16
the middle eight


# name: piTenor
# type: sq_string
# elements: 1
# length: 1
9


# name: piNumBellsRinging
# type: sq_string
# elements: 1
# length: 1
8




